image_width: 1920
image_height: 1440
camera_name: right_optical
camera_matrix:
  rows: 3
  cols: 3
  data: [1459.350261293599, 0, 936.395832784679, 0, 1454.523249372403, 693.0275372846803, 0, 0, 1]
distortion_model: rational_polynomial
distortion_coefficients:
  rows: 1
  cols: 8
  data: [-0.06806374181729541, 1.727943254181413, -0.004167575721891483, -0.009607071635809723, 0.4727304262201982, -0.2948815842502582, 0.9950022654854973, 0.4526836378939169]
rectification_matrix:
  rows: 3
  cols: 3
  data: [0.9930299622595871, 0.01100923637391589, 0.1173468822303624, -0.009825965252955784, 0.9998949305886402, -0.01065730688241721, -0.1174518814730994, 0.009429978663897338, 0.9930338015600614]
projection_matrix:
  rows: 3
  cols: 4
  data: [2046.340398990372, 0, 720.5770225524902, -297.3200476069327, 0, 2046.340398990372, 710.3249855041504, 0, 0, 0, 1, 0]